5408
5420
5407
5463
5431
5429
5469
5408
5475
5401
5416
5481
5442
5446
5377
5453
5376
5487
5454
5422
5388
5416
5375
5354
5459
5382
5409
5421
5422
5357
5459
5406
5416
5388
5445
5444
5435
5457
5429
5466
5399
5445
5381
5401
5458
5383
5391
5436
5425
5411
5485
5401
5477
5454
5388
5399
5431
5407
5447
5453
5388
5431
5416
5385
5329
5428
5372
5440
5431
5440
5473
5418
5481
5413
5390
5422
5423
5465
5387
5406
5399
5448
5441
5427
5440
5342
5435
5366
5412
5421
5482
5452
5387
5430
5384
5396
5406
5420
5462
5418
